46 1
57 1
86 1
107 1
116 1
173 1
238 1
251 1
316 1
118 1
140 1
209 1
270 1
290 1
318 1
344 1
137 1
236 1
241 1
299 1
341 1
347 1
348 1
319 1
325 1
350 1
352 1
355 1
358 1
366 1
138 1
361 1
13 1
176 1
229 1
367 1
104 1
185 1
193 1
284 1
354 1
315 1
360 1
141 1
162 1
195 1
379 1
22 1
136 1
357 1
380 1
381 1
40 1
313 1
314 1
371 1
383 1
239 2
17 2
19 2
56 2
102 2
179 2
165 2
196 2
201 2
220 2
232 2
369 2
297 2
353 2
375 2
378 2
362 2
285 2
105 2
168 2
227 2
142 2
235 2
265 2
194 2
237 2
2 2
85 2
44 2
188 2
382 2
384 2
246 3
310 3
312 3
95 3
55 3
154 3
163 3
377 3
327 3
333 3
99 3
267 3
276 3
346 3
135 3
117 3
343 3
177 3
288 3
376 3
186 3
34 4
115 4
132 4
218 4
80 4
171 4
189 4
306 4
139 4
144 4
174 4
119 4
192 4
219 4
248 4
286 4
294 4
296 4
329 4
363 4
328 4
351 4
94 4
133 4
187 4
156 4
309 4
37 5
373 5
78 5
224 5
97 5
146 5
216 5
300 5
281 5
100 5
157 5
226 5
385 5
114 5
158 5
169 5
180 5
83 5
275 5
217 5
277 5
368 6
54 6
47 6
130 6
365 6
364 6
134 6
112 6
113 6
38 7
42 7
230 7
53 7
127 7
58 7
159 7
243 7
8 7
11 7
161 7
76 7
152 7
252 7
256 7
208 7
254 7
279 7
264 7
359 7
160 7
273 7
295 7
289 7
345 7
307 7
338 7
374 7
205 8
74 8
106 8
3 8
27 8
149 8
64 8
66 8
122 8
214 8
263 8
320 8
184 8
326 8
211 8
245 8
274 8
292 8
183 8
283 8
298 8
349 8
356 8
342 8
250 9
49 9
124 9
148 9
234 9
96 9
261 9
302 9
166 9
221 9
268 9
269 9
301 9
4 9
282 9
7 9
9 9
287 9
305 9
322 9
291 9
332 9
339 10
41 10
147 10
28 10
52 10
87 10
331 10
155 10
167 10
244 10
242 10
337 10
178 10
210 10
260 10
266 10
372 10
280 10
121 11
33 11
50 11
308 11
228 11
262 11
61 11
108 11
172 11
231 11
324 11
340 11
110 11
45 12
70 12
77 12
79 12
92 12
191 12
370 12
128 12
202 12
222 12
278 12
259 12
200 12
272 12
335 12
129 13
175 13
21 13
23 13
68 13
203 13
253 13
258 13
181 13
255 13
311 13
334 13
317 13
271 13
75 14
84 14
90 14
101 14
182 14
59 14
207 14
223 14
111 14
60 14
225 14
257 14
145 14
321 14
323 14
303 14
304 14
233 15
82 15
109 15
164 15
151 15
25 15
336 15
1 15
6 15
14 16
35 16
125 16
29 16
170 16
71 16
212 16
247 16
330 16
150 16
51 16
197 16
198 16
16 17
24 17
32 17
36 17
91 17
98 17
126 17
213 17
63 17
69 17
143 17
293 17
199 17
12 18
30 18
72 18
206 18
215 18
26 18
39 18
67 18
240 18
48 19
249 19
43 19
62 19
93 19
65 19
5 19
103 19
81 20
123 20
153 20
190 20
31 20
18 21
131 21
204 21
15 22
20 22
120 22
73 22
89 23
10 24
88 25
